(136, 146, 86),(225, 178, 109),(170, 204, 131),(94, 66, 47),(223, 220, 220)
(38, 47, 40),(209, 201, 107),(129, 83, 64),(234, 234, 189),(142, 156, 86),(120, 110, 52)
(64, 60, 55),(170, 150, 133),(20, 133, 77),(121, 111, 92),(144, 156, 156),(156, 172, 172)
(199, 100, 55),(182, 173, 175),(233, 208, 159),(124, 87, 95),(223, 163, 110)
(182, 78, 50),(216, 215, 213),(56, 56, 56),(213, 183, 90),(141, 133, 130),(100, 108, 116)
(180, 82, 50),(221, 209, 148),(19, 33, 48),(104, 68, 57),(167, 162, 165),(41, 84, 110)
(143, 192, 210),(226, 205, 117),(92, 122, 146),(146, 121, 84),(44, 107, 158)
(81, 141, 168),(181, 187, 153),(148, 172, 110),(117, 132, 73),(164, 204, 212)
(52, 61, 64),(218, 216, 125),(69, 138, 178),(125, 184, 200),(151, 149, 74),(85, 132, 144)
(119, 108, 100),(212, 199, 186),(52, 43, 40),(180, 180, 176),(180, 172, 172)
(135, 83, 76),(190, 140, 127),(209, 160, 140),(225, 199, 190),(196, 172, 172)
(197, 178, 107),(65, 92, 131),(136, 133, 122),(156, 156, 156),(91, 124, 183)
(44, 49, 56),(99, 130, 162),(65, 99, 136),(195, 159, 176),(108, 123, 147),(100, 132, 148)
(60, 60, 96),(106, 119, 181),(209, 109, 108),(146, 162, 204),(109, 104, 149)
(96, 94, 134),(218, 199, 153),(164, 148, 143),(158, 157, 205),(180, 180, 180)
(220, 176, 63),(36, 38, 53),(206, 202, 181),(93, 86, 67),(101, 66, 41),(159, 95, 59)
(217, 96, 65),(65, 51, 64),(145, 86, 83),(143, 201, 179),(118, 88, 129),(170, 138, 176)
(168, 87, 62),(76, 61, 58),(232, 227, 224),(183, 169, 184),(125, 60, 42)
(171, 83, 57),(220, 215, 219),(81, 62, 61),(171, 160, 175),(169, 144, 129)
(244, 216, 64),(169, 72, 59),(212, 102, 69),(169, 204, 159),(119, 160, 124)
(246, 239, 209),(165, 161, 52),(194, 183, 98),(135, 92, 49),(166, 159, 146)
(65, 53, 52), (228, 223, 221), (127, 98, 95), (142, 131, 132), (136, 109, 98), (168, 149, 149)
(83, 70, 70),(226, 219, 216),(129, 136, 140),(172, 172, 172),(160, 164, 172)
(181, 195, 180),(28, 39, 41),(190, 117, 47),(123, 61, 64),(106, 152, 151),(156, 86, 90)
(182, 129, 68),(30, 84, 76),(135, 185, 181),(119, 62, 45),(84, 149, 142),(232, 199, 130)
(214, 199, 122),(241, 237, 230),(164, 125, 101),(136, 71, 75),(106, 98, 50)
(106, 113, 93),(240, 220, 131),(57, 48, 32),(180, 180, 180),(174, 169, 172)
(61, 57, 55),(227, 124, 54),(134, 126, 123),(108, 108, 100),(151, 148, 148),(156, 156, 148)
(50, 47, 48),(203, 102, 60),(120, 77, 73),(140, 140, 140),(148, 148, 145),(100, 100, 93)
(59, 58, 55),(198, 77, 49),(127, 81, 76),(102, 102, 96),(126, 124, 124),(132, 132, 124)
(189, 81, 88),(191, 210, 123),(111, 126, 73),(170, 35, 63),(227, 158, 157)
(182, 160, 102),(146, 56, 59),(96, 114, 67),(235, 217, 157),(171, 89, 75)
(132, 131, 88),(224, 172, 109),(239, 218, 149),(142, 60, 65),(229, 232, 184)
(149, 144, 108),(240, 237, 219),(140, 187, 43),(84, 76, 66),(215, 209, 180)
(104, 97, 62),(230, 226, 208),(164, 181, 119),(171, 164, 156),(44, 35, 28)
(15, 98, 161),(174, 170, 158),(109, 180, 78),(132, 108, 57),(7, 44, 76)
(126, 109, 92),(234, 214, 157),(243, 240, 219),(87, 62, 53),(186, 182, 155)
(128, 103, 83),(212, 206, 165),(230, 111, 70),(83, 39, 31),(173, 172, 172)
(148, 111, 164),(230, 224, 225),(206, 169, 205),(77, 60, 73),(77, 44, 102)
(113, 89, 133),(227, 215, 142),(151, 201, 213),(129, 160, 200),(43, 50, 68)
(131, 55, 58),(218, 85, 70),(237, 201, 79),(178, 116, 58),(188, 148, 100)
(172, 71, 61),(63, 37, 39),(240, 203, 51),(238, 162, 39),(76, 68, 40),(196, 164, 140)
(218, 202, 190),(53, 51, 74),(229, 104, 60),(217, 134, 103),(139, 68, 56),(106, 177, 190)
(54, 52, 74),(213, 215, 82),(44, 77, 148),(134, 180, 115),(72, 105, 172),(105, 132, 94)
(195, 207, 192),(42, 80, 80),(154, 106, 162),(91, 168, 171),(110, 51, 128),(155, 123, 64)
(198, 204, 199),(38, 68, 71),(110, 68, 133),(153, 111, 154),(90, 170, 168),(152, 122, 77)
(187, 195, 206),(117, 78, 82),(115, 129, 140),(178, 130, 133),(164, 100, 100)
(180, 198, 214),(117, 139, 159),(101, 88, 92),(169, 139, 152),(112, 108, 108)
(211, 201, 214),(127, 156, 181),(173, 135, 153),(98, 78, 85),(100, 93, 92)
(202, 106, 148),(43, 38, 56),(237, 232, 230),(150, 50, 64),(241, 175, 204),(99, 42, 77)
(51, 49, 70),(211, 75, 114),(102, 178, 121),(149, 45, 91),(231, 227, 224),(128, 124, 156)
(65, 68, 97),(103, 178, 129),(218, 134, 146),(130, 111, 134),(64, 141, 98),(144, 144, 164)
(104, 106, 110),(221, 213, 217),(171, 172, 180),(172, 180, 180),(53, 42, 47)
(74, 69, 65),(179, 181, 178),(215, 201, 191),(171, 172, 172),(163, 153, 145),(137, 127, 117)
(234, 230, 230),(150, 138, 168),(180, 155, 188),(180, 99, 150),(116, 118, 116)
(36, 63, 49),(217, 213, 207),(171, 199, 109),(160, 148, 62),(92, 83, 69),(115, 125, 101)
(77, 82, 112),(224, 205, 205),(148, 185, 208),(98, 144, 194),(141, 103, 123)
(97, 91, 92),(197, 165, 161),(169, 164, 162),(117, 35, 37),(160, 125, 164)
(237, 232, 203),(176, 158, 117),(207, 192, 160),(212, 200, 172),(196, 180, 148),(251, 251, 244)
(250, 233, 215),(210, 87, 86),(227, 164, 171),(198, 134, 115),(196, 146, 128),(220, 185, 160)
(183, 147, 69),(149, 40, 41),(206, 210, 210),(249, 219, 90),(57, 172, 227)
(73, 58, 73),(224, 183, 70),(140, 125, 118),(158, 145, 140),(164, 156, 84),(124, 116, 110)
(205, 222, 240),(56, 81, 121),(124, 152, 198),(103, 101, 106),(116, 116, 116),(156, 161, 182)
(207, 212, 223),(48, 57, 90),(126, 135, 169),(104, 98, 109),(109, 108, 104),(156, 148, 148)
(144, 137, 138),(205, 205, 205),(76, 68, 75),(81, 66, 56),(192, 188, 196)
(198, 220, 227),(52, 68, 69),(128, 165, 175),(200, 147, 59),(94, 93, 83),(153, 149, 168)
(106, 100, 125),(207, 200, 203),(147, 176, 183),(150, 164, 188),(32, 52, 64)
(126, 108, 116),(239, 230, 156),(212, 156, 132),(240, 176, 189),(96, 38, 41)
(25, 84, 88),(239, 175, 129),(194, 106, 84),(139, 70, 65),(224, 236, 226),(130, 86, 60)
(19, 92, 87),(201, 161, 128),(50, 180, 162),(140, 76, 39),(42, 172, 156)
(206, 102, 96),(21, 85, 72),(237, 211, 161),(237, 207, 74),(137, 48, 57),(68, 148, 116)
(32, 111, 148),(199, 219, 220),(227, 195, 54),(111, 166, 193),(96, 86, 50),(148, 148, 133)
(28, 98, 95),(221, 139, 147),(154, 197, 222),(141, 73, 83),(129, 160, 179)
(34, 90, 129),(150, 189, 215),(225, 233, 239),(93, 124, 149),(83, 82, 86),(103, 100, 100)
(41, 44, 61),(215, 215, 220),(129, 130, 150),(163, 91, 90),(157, 149, 151),(127, 119, 95)
(103, 135, 119),(232, 166, 151),(153, 206, 181),(47, 26, 29),(52, 68, 61),(61, 71, 46)
(84, 115, 119),(230, 182, 154),(138, 196, 200),(111, 174, 181),(152, 139, 119)
(67, 60, 68),(118, 196, 195),(234, 179, 176),(99, 122, 117),(115, 115, 77),(52, 102, 100)
(174, 134, 114),(50, 83, 118),(165, 193, 211),(226, 218, 161),(97, 62, 62),(90, 81, 51)
(199, 191, 125),(135, 58, 66),(33, 43, 91),(190, 191, 206),(111, 108, 109),(60, 100, 169)
(37, 35, 77),(216, 62, 90),(224, 187, 214),(104, 95, 153),(144, 121, 180),(148, 140, 188)
(188, 182, 174),(131, 131, 131),(109, 111, 108),(92, 84, 84),(94, 96, 72)
(66, 65, 65),(228, 227, 197),(163, 172, 158),(138, 141, 110),(160, 163, 164),(116, 124, 82)
(48, 51, 49),(186, 175, 169),(81, 125, 59),(116, 119, 108),(126, 156, 65),(142, 143, 143)
(69, 82, 81), (235, 236, 163), (214, 221, 67), (243, 243, 214), (148, 152, 119), (139, 92, 101)
(54, 78, 79),(209, 33, 94),(127, 27, 56),(32, 151, 207),(84, 116, 115)
(160, 178, 215),(231, 232, 242),(100, 106, 126),(84, 84, 96),(91, 94, 96)
(45, 47, 69),(193, 179, 214),(122, 113, 175),(125, 125, 130),(98, 102, 104),(148, 156, 148)
(18, 70, 63),(178, 173, 174),(69, 110, 119),(124, 135, 173),(140, 132, 128),(126, 148, 180)
