var forestList =
[1,2,3,10,11,12,13,14,15,16,17,18,25,26,39,40,46,47,48,49,52,53,56,57,92,93,94,96,97,102,103,108,113,123,127,132,133,143,163,164,165,166,167,168,169,172,174,175,176,185,187,188,189,190,198,200,202,204,205,207,209,210,212,214,216,217,234,235,252,253,254,261,262,265,266,267,268,269,273,274,275,280,281,282,285,286,287,288,289,290,291,291,300,301,313,314,333,334,352,355,356,360,387,388,389,396,397,398,412,413,414,415,416,417,420,421,424,427,428,429,430,431,432,434,435,438,440,441,446,455,463,468,470,472,477,495,496,497,511,512,513,514,515,516,519,520,521,527,528,531,532,533,534,538,539,540,541,542,543,544,545,546,547,548,549,570,571,585,586,587,588,590,591,595,596,650,651,652,653,654,655,659,660,664,665,666,674,675,701,708,709,714,715,722,723,724,734,735,739,744,745,755,756,759,760,766,775,777]

var jungleList =
[1,2,3,10,11,12,43,44,45,48,49,56,57,69,70,71,96,97,102,103,114,115,123,165,166,177,178,182,190,352,357,424,441,453,454,465,509,510,511,512,513,514,515,516,631,632,664,665,666,725,726,727,731,732,733,736,737,738,753,754,761,762,763,765,766]

var woodlandList =
[13,14,15,46,47,48,49,123,161,162,163,164,165,166,167,168,193,198,200,212,228,229,263,264,273,274,275,287,288,289,290,291,292,355,356,358,429,430,433,434,435,469,470,477,511,512,543,544,545,546,547,548,549,570,571,572,573,585,586,607,608,609,661,662,663,682,683,684,685,700,708,709,722,723,724,736,737,738,755,756]

var fieldList =
[16,17,18,19,20,37,38,39,40,125,161,162,174,179,180,181,187,188,189,191,192,239,263,264,276,277,307,308,311,312,313,314,315,327,333,334,352,396,397,398,401,402,403,404,405,406,407,466,495,496,497,498,499,500,504,505,506,507,508,588,589,590,591,650,651,652,659,660,661,662,663,667,668,670,671,672,673,677,678,682,683,684,685,701,702,710,711,741,742,743,764,777]

var grasslandList =
[16,17,18,19,20,23,24,27,28,30,31,33,34,43,44,45,58,59,77,78,84,85,96,97,111,112,114,123,128,136,152,153,154,155,156,157,161,162,182,203,212,231,232,241,255,256,257,261,262,263,264,276,277,309,310,316,317,335,336,358,403,404,405,433,464,465,495,496,497,498,499,500,504,505,509,510,519,520,521,522,523,626,629,630,650,651,652,653,654,655,667,668,725,726,727,734,735,749,750]

var cityList =
[16,19,20,52,53,63,64,65,88,89,92,93,94,106,107,109,110,113,132,133,137,172,196,197,198,209,210,233,235,236,237,242,263,264,280,281,282,300,301,311,312,333,351,353,354,396,412,413,417,430,431,432,446,474,475,479,506,507,509,519,520,531,532,533,534,568,569,570,571,574,575,576,577,578,579,595,599,600,601,607,608,609,661,676,677,678,684,685,700,702,707,710,711,742,759,764,778]

var industrialList =
[25,26,81,82,100,101,125,172,239,311,312,417,462,466,595,599,600,601,702,736,737,738,777]

var volcanoList =
[4,5,6,37,38,58,59,74,75,76,109,110,126,155,156,157,218,219,228,229,240,255,256,257,322,323,324,390,391,392,425,426,467,513,514,524,525,526,636,637,757,758,776]

var caveList =
[27,28,41,42,46,47,50,51,62,66,67,68,74,75,76,95,104,105,112,169,200,202,206,208,213,246,247,248,293,294,295,299,302,303,304,305,306,337,338,360,371,372,373,415,416,429,436,437,443,444,445,464,524,525,526,527,528,529,530,557,558,595,596,597,598,599,600,601,602,603,604,610,611,612,621,631,632,633,634,635,703,714,715,776,782,783,784]

var mountainList =
[4,5,6,35,36,56,57,66,67,68,74,75,76,95,104,105,106,107,111,112,123,143,173,187,188,189,207,208,213,227,234,236,237,296,297,304,305,306,307,308,325,326,327,358,359,390,391,392,396,397,398,425,426,427,428,433,438,446,447,448,464,472,508,524,525,526,532,533,534,538,539,572,573,585,586,619,620,631,632,659,660,672,673,674,675,744,745,749,750,765,774,775,776,780,782,783,784]

var desertList =
[27,28,50,51,177,178,207,328,329,330,331,332,449,450,451,452,472,551,552,553,554,555,556,557,558,559,560,653,654,655,694,695,744,745]

var badlandList =
[21,22,104,105,111,112,115,135,207,227,228,229,231,232,246,247,248,325,326,355,356,371,372,373,374,375,376,443,444,445,464,472,477,559,560,624,625,629,630,635,744,745,757,758,782,783,784]

var pondList =
[7,8,9,54,60,61,62,118,119,129,183,184,186,270,271,272,283,284,298,313,314,339,340,341,342,349,535,536,537,580,581,656,658,658,751,752]

var lakeList =
[7,8,9,54,55,60,61,62,118,119,129,130,147,148,149,158,159,160,183,184,186,194,195,283,284,298,339,340,341,342,349,350,550,580,581]

var riverList =
[54,55,118,119,129,130,158,159,160,183,184,194,195,223,339,340,341,342,349,350,298,318,418,419,456,550,602,603,604,751,752]

var riversideList =
[54,55,60,61,62,79,80,96,97,134,183,184,186,194,195,199,298,399,400,412,413,418,419,515,516,536,537,610,611,612,624,625,751,752]

var beachList =
[55,79,80,98,99,199,213,258,259,260,278,279,320,422,423,441,501,502,503,602,603,604,686,687,688,689,728,729,730,747,748,767,768,769,770,771]

var oceanList =
[72,73,90,91,116,117,120,121,129,130,149,170,171,211,223,224,226,230,278,279,319,320,321,349,350,366,456,458,489,592,593,594,690,691,692,693,746,747,748,781]

var tropicalSeaList =
[72,73,90,91,116,117,120,121,129,130,131,170,171,211,222,223,224,226,230,278,279,319,349,350,366,368,370,422,423,456,458,489,592,593,594,692,693,746,747,748,771,779]

var polarSeaList =
[72,73,86,87,90,91,121,129,130,131,278,279,363,364,365,393,394,395,592,593,614,712,713,746]

var abyssList =
[91,170,171,366,367,368,369,456,457,592,593,690,691,767,768,771,781]

var swampList =
[43,44,45,60,61,62,69,70,71,114,158,159,160,183,184,186,193,194,195,198,258,259,260,283,284,298,339,340,430,451,452,453,454,455,469,535,536,537,588,589,616,617,618,627,628,656,657,658,704,705,706]

var iceList =
[124,215,220,221,225,238,361,362,363,364,365,459,460,461,471,473,478,582,583,584,613,614,615,712,713,740,774]

var tundraList =
[163,164,215,216,217,220,221,234,225,459,460,461,471,473,627,628,664,665,666]

var ruinList =
[37,38,63,64,65,92,93,94,177,178,201,337,338,343,344,358,359,433,436,437,442,554,555,561,562,563,605,606,622,623,637,679,680,681]