(37, 89, 76),(233, 216, 202),(169, 104, 75),(201, 146, 119),(128, 86, 67),(144, 138, 133)
(115, 82, 58),(150, 183, 100),(200, 198, 193),(220, 137, 74),(165, 101, 52)
(161, 113, 84),(11, 114, 85),(236, 231, 209),(221, 160, 111),(173, 174, 180),(81, 42, 29)
(56, 61, 71),(229, 91, 76),(230, 217, 98),(145, 86, 81),(156, 156, 155),(152, 148, 156)
(221, 112, 74),(79, 76, 74),(236, 230, 135),(148, 68, 51),(176, 173, 173)
(102, 67, 61),(226, 88, 75),(140, 134, 140),(244, 215, 76),(165, 160, 164)
(73, 99, 148),(188, 175, 197),(146, 201, 223),(88, 136, 197),(157, 108, 131)
(197, 209, 218),(84, 159, 201),(159, 179, 187),(91, 89, 92),(164, 212, 216)
(121, 167, 186),(10, 90, 136),(217, 205, 213),(194, 213, 236),(87, 77, 81),(106, 100, 99)
(47, 47, 44),(224, 218, 216),(174, 75, 61),(136, 104, 98),(127, 137, 147),(68, 172, 228)
(230, 211, 201),(60, 59, 56),(153, 122, 115),(132, 179, 199),(107, 123, 129),(133, 154, 165)
(53, 52, 51),(231, 193, 139),(123, 187, 212),(197, 75, 45),(139, 71, 50),(99, 145, 166)
(179, 132, 108),(245, 216, 133),(215, 217, 217),(96, 80, 52),(97, 60, 57)
(146, 119, 94),(220, 205, 119),(173, 181, 182),(212, 188, 108),(76, 52, 52)
(222, 191, 132),(225, 226, 233),(141, 82, 51),(216, 113, 76),(135, 92, 45)
(118, 144, 105),(216, 196, 170),(51, 118, 172),(114, 150, 190),(188, 188, 180)
(60, 92, 114),(235, 226, 184),(150, 163, 195),(156, 172, 199),(178, 106, 83)
(76, 96, 131),(198, 195, 142),(13, 179, 211),(81, 192, 219),(59, 44, 73)
(44, 49, 66),(222, 232, 231),(93, 83, 117),(106, 161, 185),(119, 111, 103),(160, 154, 151)
(45, 38, 35),(213, 78, 84),(122, 55, 60),(245, 195, 200),(103, 113, 182),(156, 52, 52)
(224, 204, 138),(250, 250, 241),(161, 158, 155),(142, 106, 70),(141, 117, 68)
(215, 193, 128),(244, 240, 232),(136, 102, 68),(100, 76, 58),(220, 204, 44)
(203, 190, 184),(49, 42, 41),(96, 78, 76),(113, 100, 95),(149, 122, 119),(101, 92, 84)
(208, 189, 175),(120, 107, 97),(100, 83, 76),(144, 130, 125),(100, 92, 76)
(96, 128, 164),(207, 208, 209),(147, 191, 211),(167, 166, 166),(30, 51, 78)
(151, 210, 212),(144, 136, 168),(220, 200, 209),(101, 84, 106),(151, 143, 86)
(100, 101, 136),(164, 218, 229),(221, 190, 173),(44, 62, 80),(167, 151, 215)
(141, 110, 97),(235, 204, 188),(233, 163, 140),(76, 52, 48),(196, 180, 172)
(67, 58, 59),(224, 107, 91),(151, 104, 90),(164, 168, 168),(164, 156, 156),(124, 100, 84)
(100, 135, 124),(196, 220, 177),(105, 179, 207),(113, 127, 49),(167, 207, 118)
(57, 79, 87),(195, 220, 226),(172, 189, 58),(104, 155, 176),(94, 98, 81),(159, 138, 122)
(120, 176, 150),(235, 166, 176),(67, 107, 75),(186, 220, 204),(60, 95, 84)
(207, 114, 121),(228, 204, 206),(229, 180, 188),(116, 60, 60),(116, 52, 60)
(236, 224, 227),(172, 133, 171),(169, 167, 138),(126, 98, 118),(120, 121, 99)
(226, 200, 203),(139, 99, 145),(152, 115, 154),(151, 158, 120),(121, 141, 85)
(70, 64, 64),(203, 99, 74),(121, 103, 98),(149, 134, 168),(140, 132, 128),(104, 101, 110)
(103, 96, 101),(228, 99, 142),(151, 147, 181),(56, 21, 30),(160, 148, 140)
(64, 47, 35),(232, 164, 179),(151, 101, 109),(166, 162, 158),(155, 148, 148),(181, 92, 116)
(224, 158, 173),(55, 53, 51),(140, 122, 119),(156, 156, 149),(152, 148, 148),(108, 108, 100)
(165, 187, 129),(191, 87, 125),(208, 217, 215),(224, 129, 137),(108, 104, 56)
(181, 206, 126),(144, 72, 105),(108, 147, 91),(204, 212, 211),(116, 115, 52)
(134, 122, 98),(188, 214, 127),(204, 212, 212),(125, 54, 91),(206, 124, 144)
(205, 204, 126),(172, 76, 87),(222, 98, 104),(224, 229, 230),(206, 160, 41)
(138, 137, 139),(245, 241, 237),(87, 52, 92),(100, 105, 63),(196, 204, 204)
(242, 243, 217),(83, 88, 78),(169, 183, 158),(149, 163, 103),(174, 172, 172)
(137, 114, 137),(207, 228, 207),(94, 89, 60),(76, 60, 77),(196, 188, 101)
(42, 44, 43),(208, 218, 212),(105, 89, 100),(119, 126, 120),(160, 149, 157),(99, 108, 100)
(66, 59, 51),(217, 210, 185),(148, 87, 80),(169, 131, 113),(147, 152, 145),(116, 108, 84)
(245, 194, 135),(94, 63, 46),(188, 120, 85),(156, 84, 74),(222, 216, 218),(125, 83, 58)
(67, 65, 64),(215, 108, 148),(149, 77, 93),(164, 172, 177),(116, 116, 112),(156, 164, 164)
(55, 56, 52),(172, 149, 136),(147, 147, 148),(121, 87, 76),(75, 87, 115),(130, 140, 134)
(55, 60, 63),(228, 234, 241),(166, 175, 178),(149, 155, 171),(140, 125, 130),(218, 81, 88)
(130, 104, 102),(196, 166, 164),(182, 180, 181),(60, 44, 44),(180, 172, 180)
(182, 191, 200),(40, 41, 39),(116, 97, 85),(160, 142, 128),(106, 114, 120),(92, 92, 101)
(119, 79, 73),(236, 213, 86),(234, 92, 99),(177, 161, 87),(172, 172, 172)
(210, 206, 188),(127, 104, 77),(103, 90, 74),(124, 119, 116),(148, 139, 136)
(187, 176, 143),(93, 77, 61),(175, 111, 35),(131, 106, 87),(85, 67, 56)
(191, 222, 182),(141, 95, 154),(174, 168, 75),(212, 112, 166),(88, 52, 89)
(227, 233, 216),(104, 164, 162),(179, 168, 149),(237, 214, 91),(106, 101, 90)
(65, 78, 85),(216, 192, 102),(73, 135, 133),(79, 173, 180),(73, 164, 180)
(228, 222, 188),(56, 55, 55),(145, 143, 141),(99, 100, 98),(137, 87, 77),(174, 154, 93)
(202, 183, 125),(117, 113, 104),(203, 202, 202),(104, 79, 59),(104, 94, 44)
(152, 137, 119),(212, 197, 100),(214, 212, 210),(227, 215, 117),(107, 60, 56)
(191, 132, 62),(86, 87, 67),(223, 219, 76),(235, 236, 226),(86, 52, 37)
(185, 112, 127),(42, 40, 40),(230, 231, 229),(237, 171, 196),(86, 47, 51),(97, 52, 60)
(98, 73, 68),(198, 185, 89),(208, 86, 79),(155, 137, 65),(180, 164, 164)
(74, 68, 90),(164, 190, 227),(135, 117, 170),(231, 229, 235),(140, 142, 187),(109, 130, 158)
(61, 64, 133),(225, 192, 149),(66, 173, 225),(23, 155, 218),(40, 124, 182)
(172, 148, 101),(36, 43, 71),(231, 229, 143),(93, 88, 123),(220, 213, 205),(89, 61, 140)
(108, 95, 88),(248, 248, 238),(202, 177, 90),(131, 138, 140),(6, 170, 227)
(216, 216, 155),(63, 47, 115),(159, 175, 182),(124, 140, 103),(127, 143, 191)
(140, 154, 184),(108, 143, 177),(225, 233, 234),(163, 179, 193),(185, 191, 203),(180, 190, 188)
(42, 29, 27),(236, 77, 66),(127, 53, 46),(240, 188, 137),(162, 161, 163),(141, 140, 148)
(231, 224, 216),(146, 121, 87),(175, 159, 141),(179, 159, 170),(146, 116, 138),(124, 108, 116)
(48, 49, 44),(223, 222, 213),(149, 170, 167),(131, 102, 79),(129, 156, 156),(172, 108, 60)
(123, 171, 159),(205, 223, 186),(65, 98, 94),(51, 77, 61),(139, 230, 214)
(47, 41, 34),(227, 230, 226),(233, 179, 58),(182, 68, 38),(159, 158, 131),(157, 162, 167)
(50, 57, 64),(236, 211, 110),(66, 149, 175),(24, 119, 148),(141, 129, 65),(112, 164, 164)
(188, 183, 175),(113, 106, 104),(91, 92, 88),(121, 188, 98),(130, 133, 189)
(213, 206, 199),(141, 130, 128),(146, 133, 81),(122, 86, 86),(199, 132, 136)
(102, 105, 116),(46, 45, 49),(202, 130, 84),(51, 52, 60),(172, 172, 116)
(91, 62, 134),(204, 119, 175),(144, 199, 213),(9, 88, 91),(134, 108, 180)
(68, 43, 127),(218, 157, 198),(128, 101, 169),(142, 161, 195),(156, 140, 196)
(61, 62, 58),(140, 140, 133),(124, 131, 125),(111, 190, 221),(118, 118, 113),(160, 164, 157)
(35, 87, 106),(231, 227, 224),(181, 83, 142),(208, 202, 88),(139, 156, 167),(92, 172, 201)
(209, 189, 85),(102, 104, 104),(141, 197, 222),(95, 75, 64),(146, 127, 44)
(46, 41, 37),(241, 211, 130),(224, 224, 223),(151, 151, 150),(161, 123, 50),(170, 75, 51)
(125, 122, 117),(228, 222, 206),(69, 59, 56),(110, 85, 55),(188, 196, 188)
