(196, 192, 120),(54, 86, 41),(131, 166, 92),(102, 91, 81),(236, 232, 203),(111, 101, 52)
(116, 145, 96),(206, 182, 91),(51, 84, 59),(185, 185, 180),(163, 196, 147)
(83, 121, 77),(199, 196, 194),(151, 129, 105),(169, 170, 172),(135, 180, 132)
(236, 216, 167),(190, 86, 69),(209, 126, 46),(222, 171, 99),(202, 141, 136)
(200, 148, 102),(30, 58, 72),(219, 215, 211),(248, 204, 90),(104, 64, 39),(107, 78, 35)
(201, 119, 78),(41, 55, 70),(217, 213, 208),(236, 207, 96),(151, 156, 163),(103, 56, 47)
(56, 81, 102),(203, 216, 215),(205, 173, 87),(98, 130, 163),(101, 91, 74),(138, 136, 139)
(60, 86, 126),(221, 185, 102),(162, 204, 211),(50, 43, 22),(132, 164, 167),(100, 161, 206)
(226, 206, 174),(38, 44, 47),(81, 124, 179),(111, 162, 214),(124, 109, 75),(69, 100, 146)
(66, 61, 58),(215, 197, 185),(143, 124, 122),(174, 178, 185),(128, 128, 132),(160, 162, 178)
(88, 81, 77),(217, 190, 172),(148, 137, 139),(168, 174, 179),(159, 164, 172)
(85, 77, 75),(226, 182, 157),(176, 174, 173),(153, 134, 126),(156, 162, 173),(130, 136, 141)
(155, 117, 77),(240, 223, 185),(187, 182, 179),(220, 112, 108),(84, 48, 40)
(177, 135, 85),(50, 44, 42),(245, 223, 163),(90, 77, 69),(245, 229, 195),(76, 59, 55)
(193, 100, 77),(235, 214, 160),(101, 99, 100),(94, 44, 35),(176, 176, 176)
(206, 112, 89),(94, 89, 88),(234, 216, 165),(132, 60, 48),(164, 164, 164)
(123, 175, 193),(231, 185, 77),(162, 129, 57),(82, 107, 122),(60, 86, 100)
(58, 58, 58),(129, 187, 204),(219, 173, 70),(112, 154, 170),(105, 143, 152),(135, 114, 57)
(62, 61, 62),(125, 180, 198),(233, 180, 59),(99, 137, 154),(110, 156, 164),(140, 113, 50)
(144, 195, 108),(224, 231, 135),(91, 132, 72),(84, 100, 44),(60, 100, 49)
(186, 209, 211),(97, 147, 136),(123, 73, 84),(217, 115, 128),(88, 105, 78)
(115, 140, 162),(216, 209, 207),(85, 69, 67),(178, 204, 210),(51, 71, 84)
(91, 92, 93),(206, 203, 204),(84, 144, 196),(90, 125, 159),(147, 183, 204)
(123, 119, 114),(223, 197, 152),(187, 188, 187),(185, 180, 188),(61, 50, 39)
(118, 116, 116),(225, 211, 186),(187, 188, 187),(54, 51, 51),(185, 179, 188)
(102, 148, 84),(78, 96, 70),(224, 189, 72),(132, 135, 129),(42, 72, 37)
(94, 143, 91),(231, 230, 226),(34, 73, 52),(140, 204, 108),(172, 164, 172)
(233, 190, 109),(50, 47, 42),(175, 100, 58),(219, 220, 220),(136, 71, 37),(203, 105, 44)
(224, 166, 73),(199, 212, 227),(132, 73, 52),(251, 215, 93),(202, 139, 134)
(124, 94, 64),(231, 202, 135),(206, 150, 72),(157, 162, 168),(88, 36, 44)
(221, 234, 243),(117, 197, 213),(211, 188, 107),(107, 108, 112),(190, 145, 162)
(204, 120, 74),(41, 61, 68),(246, 214, 128),(187, 160, 125),(240, 229, 201),(117, 68, 43)
(204, 136, 75),(50, 71, 76),(247, 223, 163),(218, 227, 194),(117, 74, 50),(199, 179, 137)
(60, 129, 63),(216, 104, 121),(104, 188, 114),(124, 47, 78),(93, 33, 52),(188, 156, 180)
(113, 91, 123),(76, 173, 79),(188, 107, 123),(52, 60, 60),(62, 44, 69)
(55, 136, 146),(199, 151, 153),(232, 219, 151),(103, 182, 187),(125, 119, 67),(119, 65, 95)
(221, 167, 159),(86, 139, 106),(156, 125, 98),(90, 188, 201),(128, 188, 136)
(142, 116, 154),(248, 226, 171),(229, 147, 131),(103, 85, 67),(90, 53, 53)
(150, 131, 166),(242, 228, 188),(180, 154, 74),(193, 204, 212),(79, 66, 74)
(146, 128, 154),(238, 220, 172),(220, 164, 135),(129, 106, 52),(100, 50, 52)
(176, 138, 106),(247, 231, 174),(118, 85, 59),(100, 71, 56),(249, 246, 223)
(233, 216, 162),(128, 89, 66),(170, 125, 93),(145, 103, 73),(157, 152, 126)
(121, 95, 139),(206, 138, 184),(82, 56, 57),(247, 216, 110),(76, 44, 76)
(56, 71, 93),(207, 175, 170),(107, 127, 131),(129, 154, 164),(140, 172, 180)
(131, 137, 153),(228, 210, 213),(73, 64, 72),(194, 205, 211),(89, 84, 70)
(144, 141, 159),(243, 234, 231),(85, 83, 77),(204, 204, 200),(82, 64, 68)
(223, 199, 88),(193, 82, 79),(205, 216, 229),(229, 109, 101),(221, 206, 143)
(96, 74, 103),(237, 218, 189),(142, 129, 140),(166, 164, 164),(172, 172, 168)
(99, 76, 106),(236, 220, 190),(150, 146, 138),(167, 174, 177),(153, 164, 172)
(67, 126, 144),(234, 190, 119),(130, 166, 164),(124, 184, 186),(83, 75, 56)
(106, 163, 160),(35, 41, 44),(207, 175, 167),(141, 217, 206),(59, 77, 74),(44, 100, 96)
(123, 137, 98),(213, 189, 125),(192, 212, 156),(151, 202, 141),(74, 62, 51)
(142, 129, 138),(250, 223, 232),(226, 196, 204),(94, 63, 61),(133, 84, 67)
(232, 201, 201),(177, 123, 130),(208, 148, 142),(122, 85, 91),(124, 101, 100)
(206, 185, 170),(63, 69, 71),(73, 145, 189),(116, 175, 156),(70, 149, 106),(135, 128, 100)
(199, 150, 167),(121, 188, 104),(191, 220, 148),(104, 73, 89),(100, 164, 76)
(104, 132, 146),(67, 37, 30),(215, 143, 135),(116, 196, 210),(108, 188, 204),(53, 60, 68)
(105, 115, 153),(212, 132, 117),(62, 35, 30),(175, 194, 212),(42, 52, 76),(52, 52, 76)
(89, 94, 124),(221, 150, 108),(48, 41, 45),(171, 172, 169),(147, 153, 172)
(99, 127, 143),(234, 216, 185),(72, 71, 65),(148, 180, 188),(100, 156, 196)
(81, 92, 99),(112, 166, 189),(230, 211, 201),(130, 180, 195),(151, 132, 125)
(93, 103, 108),(226, 211, 177),(122, 168, 188),(146, 188, 198),(52, 53, 42)
(187, 164, 108),(121, 83, 43),(97, 67, 36),(237, 233, 227),(230, 213, 154)
(150, 131, 104),(225, 213, 151),(232, 227, 224),(88, 58, 57),(85, 74, 43)
(110, 118, 156),(223, 219, 218),(50, 149, 169),(54, 50, 80),(92, 204, 212)
(133, 100, 144),(23, 33, 44),(222, 229, 232),(209, 175, 199),(154, 180, 204),(68, 46, 58)
(97, 127, 178),(230, 199, 173),(43, 41, 40),(76, 80, 90),(134, 172, 230),(52, 84, 132)
(98, 136, 176),(213, 123, 110),(151, 80, 73),(172, 196, 199),(44, 68, 92)
(151, 186, 113),(29, 41, 22),(142, 62, 61),(215, 202, 153),(113, 125, 50),(246, 247, 239)
(50, 60, 65),(166, 212, 211),(201, 115, 153),(120, 85, 106),(83, 100, 100),(103, 127, 130)
(177, 217, 218),(57, 70, 74),(152, 199, 198),(122, 149, 153),(102, 130, 132),(127, 164, 172)
(60, 127, 184),(164, 212, 228),(140, 174, 190),(194, 195, 204),(79, 77, 80)
(125, 140, 131),(233, 237, 239),(187, 204, 214),(50, 74, 72),(75, 69, 60)
(105, 139, 135),(201, 195, 208),(179, 179, 196),(52, 68, 60),(156, 204, 188)
(139, 80, 105),(232, 229, 217),(212, 107, 106),(156, 147, 162),(185, 175, 188)
(86, 98, 109),(207, 198, 192),(104, 188, 219),(76, 171, 215),(36, 44, 60)
(201, 129, 139),(243, 227, 185),(132, 115, 59),(108, 68, 76),(188, 188, 196)
(126, 104, 101),(217, 119, 57),(202, 193, 195),(186, 177, 183),(76, 41, 21)
(109, 138, 165),(200, 97, 129),(75, 75, 75),(60, 76, 92),(176, 180, 182)
(211, 183, 122),(86, 82, 81),(108, 106, 101),(218, 218, 219),(100, 92, 52)
(49, 43, 40),(189, 98, 63),(244, 195, 91),(218, 135, 130),(182, 176, 175),(109, 42, 26)
(194, 208, 206),(50, 42, 42),(54, 153, 205),(110, 134, 139),(167, 143, 142),(137, 100, 92)
(69, 76, 55),(233, 160, 151),(141, 128, 108),(159, 173, 150),(166, 162, 164),(180, 60, 60)
(206, 212, 167),(114, 189, 150),(105, 76, 42),(161, 112, 54),(139, 134, 111)
(44, 90, 95),(176, 217, 211),(86, 161, 173),(82, 98, 97),(129, 156, 154),(95, 116, 108)
(70, 70, 75),(155, 163, 195),(173, 181, 207),(223, 132, 105),(131, 133, 157),(156, 113, 122)
(216, 205, 191),(114, 83, 35),(147, 107, 56),(132, 168, 184),(169, 135, 101)
(215, 116, 118),(88, 155, 182),(59, 29, 34),(168, 93, 108),(142, 89, 76),(124, 196, 212)
(221, 212, 209),(71, 131, 86),(162, 183, 182),(135, 199, 191),(153, 104, 114)
(200, 121, 115),(55, 51, 56),(96, 129, 158),(157, 95, 93),(139, 181, 212),(116, 152, 183)
(112, 108, 101),(207, 189, 129),(176, 181, 170),(163, 163, 156),(52, 43, 40)
(209, 219, 219),(147, 90, 101),(195, 107, 71),(131, 150, 169),(163, 134, 163)
(152, 208, 210),(222, 122, 83),(60, 101, 126),(234, 195, 177),(153, 146, 130),(139, 84, 65)
(188, 187, 166),(120, 141, 158),(157, 63, 61),(199, 105, 96),(115, 101, 67)
(196, 180, 206),(162, 109, 132),(130, 149, 167),(168, 70, 74),(223, 165, 69)
(138, 175, 194),(152, 66, 64),(214, 157, 69),(234, 204, 198),(96, 102, 111)
(193, 207, 219),(69, 85, 128),(138, 190, 207),(143, 154, 188),(40, 36, 64)
(205, 201, 214),(36, 42, 57),(126, 139, 163),(113, 81, 122),(158, 123, 167),(160, 100, 96)
(173, 171, 170),(104, 52, 33),(163, 99, 56),(97, 102, 108),(117, 115, 118)
(203, 204, 204),(43, 60, 48),(207, 178, 101),(73, 173, 125),(135, 124, 73),(198, 79, 61)
(208, 182, 136),(58, 56, 52),(161, 158, 144),(164, 103, 69),(153, 147, 147),(112, 113, 96)
(210, 188, 191),(170, 111, 132),(196, 163, 117),(133, 97, 78),(108, 74, 100)
(117, 176, 190),(214, 151, 142),(48, 138, 186),(77, 115, 130),(77, 87, 84)
(103, 184, 201),(245, 208, 146),(93, 116, 126),(105, 109, 87),(36, 93, 116)
(60, 59, 60),(207, 189, 185),(145, 92, 88),(67, 174, 170),(79, 114, 114),(133, 143, 157)
(183, 175, 120),(42, 98, 37),(211, 213, 225),(103, 152, 70),(100, 74, 72),(114, 101, 42)
(205, 203, 200),(42, 45, 42),(165, 144, 56),(112, 110, 120),(95, 83, 45),(152, 145, 140)
